1,1,0,0,1,0,1,1,0,0,0,0,0,0,0,0
1,0,0,1,0,0,0,1,0,0,0,1,0,1,0,0
1,0,0,0,0,0,1,0,0,1,0,0,1,0,0,0
0,1,0,0,0,1,0,0,0,1,1,0,1,0,0,0
0,0,1,0,0,0,0,0,0,1,0,0,0,0,1,0
0,0,1,0,1,0,0,1,0,0,0,0,0,0,0,1
0,1,1,0,0,0,0,0,0,1,0,0,0,0,0,0
0,1,1,1,0,1,1,1,0,0,0,0,1,0,0,0
0,0,1,0,0,1,1,0,1,0,1,0,0,1,0,0
0,0,0,0,1,0,1,1,0,0,0,0,0,0,0,0
1,0,0,1,0,0,1,0,0,0,0,1,1,1,1,1
1,1,0,1,1,0,0,0,1,0,0,0,0,1,0,1
0,0,0,1,1,1,0,0,0,1,0,1,0,1,1,0
1,0,0,0,0,0,0,1,1,0,0,0,0,1,0,1
0,0,1,1,0,0,0,0,0,1,0,0,0,1,1,1
1,0,0,1,1,0,0,0,0,1,1,0,1,0,1,1
tick,0
size,16,16
user,0,wakeup,5,6,0
